LISTADO COMPLETO DOCUMENTO 2
==================================================

1. +573001584895
2. +573001919238
3. +573002927456
4. +573003568533
5. +573003920120
6. +573004200001
7. +573004200667
8. +573004223259
9. +573004291084
10. +573004517917
11. +573004751934
12. +573004806895
13. +573006058183
14. +573006218859
15. +573006301969
16. +573006634173
17. +573006643966
18. +573006723354
19. +573008009377
20. +573009689915
21. +573009979334
22. +573012219015
23. +573012557298
24. +573012926956
25. +573013345101
26. +573013774873
27. +573013827173
28. +573014018149
29. +573015042930
30. +573015062235
31. +573015767940
32. +573016457999
33. +573016647873
34. +573016922313
35. +573018787720
36. +573019362434
37. +573019499976
38. +573022879931
39. +573023828569
40. +573024365411
41. +573024617925
42. +573025334858
43. +573026660878
44. +573027775272
45. +573027814899
46. +573028019797
47. +573028472351
48. +573043093516
49. +573043187192
50. +573043330454
51. +573043709461
52. +573043979832
53. +573044182101
54. +573045229099
55. +573046084235
56. +573046581971
57. +573046751251
58. +573052258409
59. +573057612410
60. +573102065614
61. +573102487914
62. +573102595754
63. +573102777376
64. +573102790474
65. +573103360374
66. +573103434036
67. +573103515134
68. +573103523668
69. +573103564029
70. +573103565161
71. +573103568841
72. +573103597100
73. +573103689809
74. +573103740262
75. +573103897744
76. +573103932320
77. +573104035960
78. +573104040315
79. +573104109894
80. +573104120713
81. +573104406381
82. +573104422372
83. +573104477598
84. +573104478500
85. +573104569915
86. +573104598858
87. +573104605730
88. +573104638555
89. +573104674595
90. +573104748353
91. +573104904422
92. +573104966303
93. +573105198767
94. +573105388028
95. +573105466627
96. +573106415654
97. +573106445612
98. +573106473859
99. +573106562694
100. +573106891672
101. +573107186817
102. +573107238123
103. +573107906881
104. +573108089101
105. +573108229447
106. +573108267877
107. +573108391327
108. +573108414079
109. +573108473356
110. +573108841734
111. +573112185595
112. +573112621879
113. +573112897227
114. +573113022904
115. +573113050975
116. +573113137470
117. +573113153995
118. +573113320037
119. +573113399426
120. +573113511323
121. +573113516237
122. +573114243400
123. +573114246591
124. +573114812990
125. +573114982386
126. +573116028115
127. +573116152490
128. +573116407235
129. +573116691107
130. +573116788224
131. +573117051697
132. +573117177334
133. +573117452649
134. +573117479603
135. +573117577562
136. +573117667511
137. +573117691664
138. +573117846152
139. +573117899115
140. +573117978180
141. +573118250418
142. +573118324422
143. +573122188745
144. +573122272601
145. +573122349364
146. +573122477686
147. +573122638240
148. +573122690538
149. +573122878194
150. +573122896117
151. +573122897804
152. +573122903579
153. +573122975021
154. +573123081695
155. +573123204384
156. +573123797222
157. +573124244655
158. +573124310572
159. +573124876135
160. +573125170157
161. +573125529087
162. +573126444995
163. +573126693781
164. +573126801641
165. +573126863031
166. +573127073126
167. +573127175805
168. +573127310971
169. +573127446016
170. +573127544286
171. +573127620426
172. +573127710106
173. +573127722578
174. +573127730707
175. +573127763655
176. +573127921022
177. +573127989754
178. +573128039391
179. +573128097849
180. +573128151278
181. +573128198716
182. +573128332874
183. +573128478990
184. +573128492482
185. +573128550241
186. +573128581216
187. +573128596771
188. +573128623222
189. +573128789147
190. +573128901628
191. +573128948959
192. +573128981009
193. +573132483815
194. +573132770725
195. +573132812510
196. +573133012502
197. +573133030471
198. +573133318934
199. +573133333712
200. +573133942297
201. +573134703001
202. +573135809355
203. +573136034489
204. +573136155425
205. +573136308733
206. +573136434423
207. +573136768737
208. +573136985022
209. +573137015349
210. +573137034290
211. +573137062436
212. +573137113397
213. +573137337761
214. +573137423616
215. +573137439088
216. +573137445955
217. +573137486011
218. +573137498808
219. +573137602001
220. +573137610950
221. +573137651522
222. +573137678650
223. +573137681990
224. +573137761402
225. +573137777622
226. +573138435900
227. +573142197866
228. +573142201263
229. +573142329478
230. +573142586288
231. +573142629253
232. +573143004270
233. +573144405703
234. +573145047171
235. +573145239845
236. +573145352791
237. +573145539457
238. +573145672575
239. +573146015342
240. +573146069313
241. +573146239956
242. +573146304568
243. +573146356790
244. +573146445736
245. +573146448722
246. +573146687787
247. +573146720274
248. +573147060648
249. +573147112225
250. +573147187867
251. +573147284467
252. +573147368296
253. +573147420983
254. +573147505091
255. +573147530418
256. +573147633580
257. +573147674547
258. +573147701264
259. +573147789642
260. +573147793151
261. +573147828531
262. +573147846152
263. +573147928997
264. +573147958428
265. +573147993586
266. +573148419248
267. +573148791059
268. +573148845150
269. +573148920153
270. +573150336274
271. +573152379597
272. +573152453831
273. +573152832677
274. +573153403866
275. +573153572639
276. +573154047605
277. +573154315151
278. +573155174217
279. +573155293233
280. +573155940718
281. +573156901585
282. +573157385104
283. +573157429515
284. +573158089253
285. +573163569900
286. +573164311725
287. +573164332465
288. +573165608017
289. +573166346297
290. +573166495711
291. +573167508302
292. +573167737628
293. +573167757085
294. +573168681548
295. +573172540964
296. +573172561455
297. +573173735917
298. +573174582183
299. +573174702819
300. +573175641435
301. +573177944971
302. +573182070097
303. +573182981555
304. +573185049569
305. +573185453807
306. +573186045666
307. +573186298825
308. +573187558572
309. +573189601684
310. +573194298598
311. +573195188218
312. +573202080119
313. +573202315484
314. +573202381238
315. +573202422623
316. +573202468382
317. +573202670661
318. +573202680419
319. +573203396461
320. +573203546439
321. +573204212310
322. +573204530834
323. +573204536082
324. +573204773037
325. +573205179429
326. +573205184446
327. +573205550192
328. +573205927869
329. +573206106742
330. +573206270903
331. +573206277512
332. +573206377141
333. +573206797344
334. +573206840543
335. +573207049279
336. +573207183294
337. +573207192329
338. +573207206667
339. +573207258989
340. +573207263615
341. +573207280744
342. +573207406542
343. +573208264292
344. +573208759576
345. +573212804827
346. +573212920017
347. +573212930776
348. +573213246571
349. +573213282018
350. +573213346051
351. +573213551511
352. +573213552605
353. +573214015606
354. +573214809066
355. +573214829371
356. +573215340137
357. +573215453671
358. +573215696144
359. +573216060919
360. +573216217369
361. +573216397054
362. +573216439504
363. +573216800367
364. +573217097796
365. +573217198667
366. +573217201449
367. +573217213052
368. +573217224501
369. +573217370230
370. +573217473059
371. +573217519379
372. +573217685470
373. +573217844402
374. +573218004530
375. +573218269280
376. +573218545613
377. +573218590577
378. +573218629084
379. +573218653441
380. +573222234125
381. +573223116986
382. +573224543219
383. +573225201213
384. +573226047097
385. +573226149484
386. +573226337399
387. +573226494007
388. +573226621474
389. +573226691600
390. +573226760287
391. +573227537257
392. +573227957711
393. +573229002556
394. +573229481348
395. +573232848575
396. +573232936996
397. +573232978833
398. +573233603692
399. +573233862641
400. +573234305457
401. +573234585361
402. +573234795562
403. +573235733815
404. +573235749466
405. +573236125911
406. +573237919844
407. +573242250323
408. +573242938239
409. +573243935952
410. +573244233989
411. +573244845644
412. +573246159732
413. +573246333690
414. +573246859486
415. +573247163893
416. +573247246742
417. +573248198650
418. +573249709838
419. +573337099685
420. +573506251362
421. +573506762862
